******************读入图片......******************
******************读入图片完成！******************
实际图片数量： 70
******************开始提取角点......******************
******************提取角点完成!******************
******************开始进行相机标定......******************
******************标定结果如下:******************
相机内参:
[1395.755968878936, 0, 971.3265957204728;
 0, 1394.698165389191, 532.6077785624652;
 0, 0, 1]
畸变系数:
[0.0785195368269703;
 0.3160502835215457;
 -0.000538228389920181;
 -0.0002181091798133154;
 -1.464894484803211]
num:0
bHg
    0.707107     0.707107  8.65956e-17     -263.548
    0.707107    -0.707107 -8.65956e-17       91.563
           0  1.22465e-16           -1      367.318
           0            0            0            1
axis:     0.92388    0.382683 2.34326e-17
angle: 180
cHw
   0.999979 -0.00616294   0.0020678    -97.1538
 0.00610356    0.999601   0.0275911    -91.2958
-0.00223702  -0.0275779    0.999617     349.386
          0           0           0           1
axis: -0.973342 0.0759496  0.216417
angle: 1.62398
num:1
bHg
    0.683013     0.707107    -0.183013     -207.644
    0.683013    -0.707107    -0.183013      155.595
   -0.258819 -1.17358e-08    -0.965926       385.75
           0            0            0            1
axis:   0.91712  0.379884 -0.120741
angle: 174.274
cHw
  0.984497 -0.0219818   0.174016   -85.1727
-0.0162522   0.976415   0.215288   -65.8396
 -0.174644  -0.214779   0.960921    431.841
         0          0          0          1
axis: -0.776752  0.629722 0.0103483
angle: 16.0715
num:2
bHg
   0.612373    0.707107   -0.353553    -135.036
   0.612372   -0.707107   -0.353553     194.795
       -0.5 1.32852e-07   -0.866025      385.75
          0           0           0           1
axis:  0.896809   0.37147 -0.240299
angle: 168.632
cHw
  0.938859 -0.0701639   0.337078   -32.2155
-0.0695053   0.920236   0.385142   -40.4167
 -0.337214  -0.385023   0.859095    504.929
         0          0          0          1
axis:   -0.752384    0.658725 0.000643371
angle: 30.7849
num:3
bHg
        0.5    0.707107        -0.5     -77.724
        0.5   -0.707107        -0.5     325.995
  -0.707107 -1.3194e-08   -0.707107      284.15
          0           0           0           1
axis:  0.862856  0.357407 -0.357407
angle: 163.158
cHw
 0.864056 -0.146681  0.481552  -89.3908
-0.152556  0.835321  0.528173  -23.8044
-0.479723 -0.529834  0.699386   543.244
        0         0         0         1
axis:   -0.740125    0.672457 -0.00410983
angle: 45.6226
num:4
bHg
    0.683013     0.707107     0.183013     -356.124
    0.683013    -0.707107     0.183013       -8.405
    0.258819 -5.39075e-09    -0.965926       356.95
           0            0            0            1
axis:  0.91712 0.379884 0.120741
angle: 185.726
cHw
   0.983791  -0.0261263   -0.177406    -60.6515
-0.00391177    0.985967   -0.166894    -63.3101
   0.179277    0.164883    0.969883     304.612
          0           0           0           1
axis:  0.680374 -0.731448 0.0455553
angle: 14.1121
num:5
bHg
   0.612372    0.707107    0.353553    -413.724
   0.612372   -0.707107    0.353553     -65.717
        0.5 5.19306e-08   -0.866025      356.95
          0           0           0           1
axis: 0.896809  0.37147 0.240299
angle: 191.368
cHw
  0.936021 -0.0771095  -0.343393   -65.5285
-0.0485503   0.938085  -0.342987    -68.693
  0.348579   0.337715   0.874323    290.739
         0          0          0          1
axis:  0.700975  -0.71258 0.0294097
angle: 29.0479
num:6
bHg
  0.705922   0.705922  0.0578738    -281.98
  0.690151  -0.703917   0.167908     21.963
  0.159268 -0.0785879  -0.984102    409.718
         0          0          0          1
axis:  0.923201  0.379752 0.0590657
angle: 187.672
cHw
    0.98683 -0.00914689   -0.161504    -94.2347
 0.00345379    0.999364  -0.0354961    -95.1149
   0.161726   0.0344708    0.986233     366.387
          0           0           0           1
axis:  0.211408 -0.976656 0.0380736
angle: 9.52501
num:7
bHg
 0.624635  0.695343 -0.355429  -118.844
 0.683013 -0.707107 -0.183013   169.707
-0.378583 -0.128447 -0.916611    385.75
        0         0         0         1
axis:  0.901263  0.382428 -0.203653
angle: 178.265
cHw
  0.984855 -0.0535245   0.164913   -89.8904
-0.0151088   0.921044   0.389165   -67.0065
 -0.172722  -0.385763   0.906286    486.741
         0          0          0          1
axis: -0.915818   0.39902    0.0454
angle: 25.0292
num:8
bHg
 0.687607  0.695769  -0.20761  -196.636
 0.604712 -0.707025 -0.366659   246.187
-0.401896  0.126573 -0.906895    353.75
        0         0         0         1
axis:  0.916991  0.361205 -0.169289
angle: 164.399
cHw
  0.931503 -0.0105876   0.363579   -100.581
-0.0778385   0.970618    0.22769   -59.2689
 -0.355307  -0.240395   0.903309    456.649
         0          0          0          1
axis:  -0.543982   0.835449 -0.0781552
angle: 25.4827
num:9
bHg
 0.668278  0.714692 -0.206446  -193.428
 0.546997 -0.660167 -0.514756   334.842
-0.504181  0.231075  -0.83211   321.738
        0         0         0         1
axis:  0.909123  0.362921 -0.204409
angle: 155.783
cHw
  0.859402 -0.0381985   0.509871    -114.55
-0.0908847   0.969913   0.225852   -59.4335
 -0.503158  -0.240438   0.830073    491.567
         0          0          0          1
axis:  -0.417659   0.907377 -0.0471914
angle: 33.9327
num:10
bHg
    0.7647   0.617851   0.183013   -356.124
  0.590979  -0.785652   0.183013   -8.40496
   0.25686 -0.0317929  -0.965926    411.046
         0          0          0          1
axis: 0.939129 0.322855 0.117481
angle: 186.567
cHw
 0.975766 0.0950242 -0.197105  -88.3005
-0.124371  0.981981 -0.142286  -57.6631
 0.180032  0.163352  0.970002   357.463
        0         0         0         1
axis:   0.57374 -0.707958 -0.411847
angle: 15.4475
num:11
bHg
 0.578589  0.808753 -0.105606  -238.668
 0.805082  -0.54556  0.232825  -2.54904
 0.130683 -0.219731 -0.966768   418.774
        0         0         0         1
axis:   0.886423   0.462821 0.00719188
angle: 194.79
cHw
 0.954445 -0.172296 -0.243617  -71.1547
 0.197533  0.976769  0.083088  -91.3801
 0.223642 -0.127425  0.966306   399.438
        0         0         0         1
axis: -0.333093 -0.739337  0.585175
angle: 18.4211
num:12
bHg
   0.53712   0.841759 -0.0542543   -242.716
  0.840368  -0.539556 -0.0515828     91.563
-0.0726936 -0.0178875  -0.997194    428.854
         0          0          0          1
axis:   0.876663    0.47974 -0.0362054
angle: 178.899
cHw
  0.974418   -0.22184  0.0360011   -36.1522
  0.217631   0.971378  0.0951899    -102.96
-0.0560876 -0.0849198   0.994808    427.686
         0          0          0          1
axis: -0.372287  0.190348  0.908389
angle: 13.9985
num:13
bHg
  0.878916   0.473881 -0.0542543   -242.716
  0.471479  -0.880367 -0.0515828     91.563
-0.0722079  0.0197572  -0.997194    502.198
         0          0          0          1
axis:   0.969246   0.243922 -0.0326298
angle: 177.891
cHw
   0.95823   0.278754  0.0639724   -114.402
 -0.282733   0.956995   0.064977   -42.4516
-0.0431087 -0.0803499   0.995834    499.369
         0          0          0          1
axis: -0.246404  0.181558 -0.952009
angle: 17.1513
num:14
bHg
 0.685973   0.70205 -0.191225  -200.252
 0.636249 -0.706249 -0.310482   282.827
-0.353026 0.0913156 -0.931147    385.75
        0         0         0         1
axis:  0.917091  0.369307 -0.150187
angle: 167.346
cHw
  0.952048 -0.0165598   0.305501   -151.559
-0.0524438   0.974922   0.216279   -58.7122
 -0.301422  -0.221929   0.927304    485.764
         0          0          0          1
axis:  -0.584709   0.809829 -0.0478806
angle: 22.0072
num:15
bHg
 0.878053  0.420314 -0.228821  -170.497
 0.319512 -0.870842  -0.37356   258.635
-0.356279  0.254894 -0.898941   408.236
        0         0         0         1
axis:  0.968158  0.196355 -0.155289
angle: 161.061
cHw
 0.847468  0.317792  0.425213  -130.391
-0.395361  0.912379  0.106085  -11.3549
-0.354243 -0.258016  0.898855   519.392
        0         0         0         1
axis:  -0.32583  0.697527 -0.638193
angle: 33.9679
num:16
bHg
 0.756088  0.472107 -0.453262  -45.6969
 0.319194 -0.870613 -0.374363   258.635
-0.571355  0.138373 -0.808954   408.236
        0         0         0         1
axis:   0.93577  0.215527 -0.279075
angle: 164.1
cHw
 0.850741  0.196898   0.48731  -96.0653
-0.393125  0.853778  0.341345   -7.4962
-0.348844  -0.48197  0.803749   599.255
        0         0         0         1
axis: -0.626838  0.636613 -0.449219
angle: 41.0503
num:17
bHg
 0.597051  0.788892  -0.14553   -225.82
 0.791023 -0.548778  0.270418   -46.517
 0.133467 -0.276571  -0.95168   419.926
        0         0         0         1
axis:    0.890809    0.454366 -0.00346925
angle: 197.88
cHw
 0.946348 -0.147068 -0.287745  -50.7079
 0.186898  0.975495  0.116099  -80.0902
 0.263619 -0.163649  0.950644   413.706
        0         0         0         1
axis: -0.398101 -0.784631  0.475258
angle: 20.5701
num:18
bHg
 0.597051  0.788892  -0.14553   -237.98
 0.791023 -0.548778  0.270418    26.443
 0.133467 -0.276571  -0.95168   417.238
        0         0         0         1
axis:    0.890809    0.454366 -0.00346925
angle: 197.88
cHw
 0.947492 -0.145241 -0.284893  -121.148
 0.185191  0.975523  0.118573  -82.1618
 0.260698 -0.165107  0.951197   390.425
        0         0         0         1
axis: -0.406366 -0.781549  0.473338
angle: 20.4289
num:19
bHg
 0.595408  0.684143 -0.421233   -56.124
 0.683013 -0.707107 -0.183013   169.707
-0.423064  -0.17874 -0.888295   446.678
        0         0         0         1
axis:  0.893143  0.382682 -0.236328
angle: 179.863
cHw
  0.985613 -0.0661992   0.155511   -74.8445
-0.0120078   0.890351   0.455116   -59.4641
 -0.168588  -0.450435   0.876747    577.351
         0          0          0          1
axis: -0.940024  0.336437 0.0562544
angle: 28.7941
num:20
bHg
 0.527783  0.651002 -0.545566   -81.884
 0.683013 -0.707107 -0.183013   169.707
-0.504915 -0.276037 -0.817841    298.39
        0         0         0         1
axis:  0.873913  0.381892 -0.300724
angle: 183.051
cHw
  0.985615 -0.0873656    0.14467   -95.2924
-0.0127033   0.815299     0.5789   -41.1176
 -0.168526  -0.572411   0.802462    456.854
         0          0          0          1
axis:  -0.96305  0.261982 0.0624536
angle: 36.7084
num:21
bHg
 0.635572  0.715883 -0.289067  -165.009
 0.589186 -0.691713 -0.417604   285.183
-0.498907 0.0951026 -0.861422   333.333
        0         0         0         1
axis:  0.902193  0.369248 -0.222945
angle: 163.492
cHw
  0.911105 -0.0609173   0.407647   -108.485
 -0.078928    0.94493   0.317614   -54.4857
 -0.404546  -0.321554   0.856122    482.242
         0          0          0          1
axis:  -0.618335   0.785721 -0.0174237
angle: 31.1209
num:22
bHg
 0.766076   0.61828  0.175663  -348.357
 0.642227  -0.74734 -0.170377   139.398
0.0259388  0.243337 -0.969595   375.489
        0         0         0         1
axis:  0.938927  0.339799 0.0543464
angle: 167.273
cHw
  0.982951  0.0982635   0.155406   -94.6617
-0.0721199   0.983531  -0.165727   -61.3405
 -0.169132   0.151693    0.97385    359.126
         0          0          0          1
axis:  0.654633  0.669312 -0.351391
angle: 14.0307
num:23
bHg
  0.658061   0.747002   0.094575   -309.538
  0.751511  -0.659389 -0.0208871    26.9721
 0.0467591  0.0848192  -0.995299    407.516
         0          0          0          1
axis:  0.910432  0.411831 0.0388424
angle: 176.672
cHw
  0.997184 -0.0703177  0.0260532   -13.6943
 0.0719483   0.995082 -0.0680852   -83.6393
-0.0211375   0.069768   0.997339    376.305
         0          0          0          1
axis: 0.676939 0.231734 0.698608
angle: 5.84404
num:24
bHg
  0.658542   0.747902  0.0834518   -325.218
  0.751511  -0.659389 -0.0208871    61.2441
 0.0394057    0.07647  -0.996293    451.196
         0          0          0          1
axis:  0.910576  0.411961 0.0337548
angle: 176.936
cHw
   0.99713 -0.0698878  0.0290999   -48.7271
 0.0715071   0.995698  -0.058928   -68.1658
-0.0248563  0.0608398   0.997838     423.41
         0          0          0          1
axis: 0.620566 0.279569 0.732625
angle: 5.53759
num:25
bHg
   0.697311    0.716597   0.0157031    -277.138
   0.716728   -0.697338 -0.00458192     85.9251
 0.00766695   0.0144498   -0.999866      385.15
          0           0           0           1
axis:   0.921223   0.388984 0.00634229
angle: 179.408
cHw
   0.999772  -0.0201586  0.00704845    -87.6714
   0.020084    0.999743   0.0105043    -84.2345
-0.00725839  -0.0103603     0.99992     364.852
          0           0           0           1
axis: -0.438941  0.300981  0.846606
angle: 1.36188
num:26
bHg
 0.686034  0.718275 -0.115926  -229.614
 0.702291 -0.695373 -0.152459   138.448
-0.190119 0.0231782 -0.981487   447.748
        0         0         0         1
axis:   0.917963   0.387769 -0.0835405
angle: 174.51
cHw
  0.989112  -0.029069   0.144262   -71.2459
0.00757194   0.989051   0.147379   -66.2704
 -0.146967  -0.144682   0.978503    471.897
         0          0          0          1
axis: -0.705336  0.703329  0.088489
angle: 11.9487
num:27
bHg
 0.657923  0.727626 -0.194161  -190.119
 0.675721   -0.6842 -0.274357   169.352
-0.332474  0.049307 -0.941823   418.855
        0         0         0         1
axis:  0.909718  0.388755 -0.145888
angle: 169.753
cHw
   0.964558  -0.0543671    0.258208    -44.1899
-0.00675207    0.973138    0.230122    -68.0446
  -0.263783    -0.22371    0.938282     481.639
          0           0           0           1
axis: -0.654569  0.752876 0.0686759
angle: 20.2835
num:28
bHg
 0.605907   0.76679  -0.21192  -182.443
  0.67331 -0.636166 -0.376758   213.386
 -0.42371 0.0855918 -0.901745   385.269
        0         0         0         1
axis:  0.894173  0.409597 -0.180788
angle: 165.017
cHw
  0.93036 -0.118853   0.34685  -35.9804
0.0212162  0.961868   0.27269  -72.6948
-0.366034 -0.246341  0.897405   478.417
        0         0         0         1
axis: -0.581306  0.798419  0.156876
angle: 26.5151
num:29
bHg
 0.698969  0.687212  0.197943  -343.744
 0.686595 -0.722276 0.0830959   36.7215
 0.200074 0.0778255 -0.976685   433.186
        0         0         0         1
axis: 0.921675  0.37264 0.107961
angle: 180.164
cHw
   0.997009 0.000341297  -0.0772857    -79.6779
 -0.0139051    0.984464   -0.175033    -90.1825
  0.0760253    0.175584    0.981525     380.589
          0           0           0           1
axis:   0.915604  -0.400357 -0.0372032
angle: 11.0385
num:30
bHg
  0.64863   0.68827  0.324906  -398.499
  0.63177 -0.724943  0.274452  -33.1341
 0.424436 0.0272482 -0.905048   442.749
        0         0         0         1
axis: 0.907465 0.365364 0.207405
angle: 187.828
cHw
  0.962097 -0.0373452  -0.270139   -93.8832
-0.0486541    0.95118  -0.304776    -93.601
  0.268333   0.306368   0.913311    368.788
         0          0          0          1
axis:   0.750236  -0.661024 -0.0138827
angle: 24.0354
num:31
bHg
  0.688451   0.702695   0.179594   -334.976
  0.669356  -0.710927   0.215742   -2.62009
  0.279279 -0.0283161  -0.959792    432.775
         0          0          0          1
axis:  0.91844 0.375136 0.125462
angle: 187.635
cHw
  0.977748 -0.0190311  -0.208919   -93.8153
 -0.014938   0.987033  -0.159822   -92.7727
  0.209252   0.159386   0.964785    371.418
         0          0          0          1
axis:   0.606748  -0.794856 0.00778021
angle: 15.251
num:32
bHg
  0.725783   0.682876 -0.0831766   -246.656
  0.685873  -0.708982   0.164081    117.168
 0.0530765  -0.176136  -0.982934      467.6
         0          0          0          1
axis:    0.928289    0.371769 -0.00817557
angle: 190.559
cHw
    0.98793    0.021748   -0.153369    -202.149
-0.00566311    0.994504    0.104543     -63.269
   0.154799   -0.102413    0.982623     432.818
          0           0           0           1
axis:  -0.556001  -0.827913 -0.0736415
angle: 10.7259
num:33
bHg
  0.714887   0.668172   0.206115   -357.763
  0.694118  -0.642504  -0.324636    259.083
-0.0844827   0.375146  -0.923108    364.578
         0          0          0          1
axis:  0.922994  0.383291 0.0342223
angle: 157.723
cHw
 0.944993 0.0262901  0.326031  -134.565
0.0327657  0.984142 -0.174329  -78.8878
-0.325444  0.175422  0.929147   398.197
        0         0         0         1
axis:   0.472988   0.881025 0.00875731
angle: 21.6987
num:34
bHg
 0.721718  0.686975 0.0847865  -304.501
 0.649508 -0.629772 -0.426059   295.006
-0.239295  0.362564 -0.900714   349.942
        0         0         0         1
axis:   0.924052   0.379737 -0.0439008
angle: 154.74
cHw
  0.906048  0.0174044   0.422816   -125.577
0.00606049   0.998518 -0.0540889   -81.9652
 -0.423131  0.0515697     0.9046    427.834
         0          0          0          1
axis:   0.123926   0.992202 -0.0133051
angle: 25.2328
num:35
bHg
  0.75037  0.617962  0.234665  -364.628
 0.614339 -0.782995 0.0975006   34.0879
 0.243993 0.0710025 -0.967174   402.099
        0         0         0         1
axis:  0.93551 0.329329  0.12792
angle: 180.811
cHw
 0.989686 0.0857117 -0.114782  -94.5534
-0.107881  0.973106 -0.203536  -68.1144
0.0942496  0.213819  0.972316    345.66
        0         0         0         1
axis:  0.825907 -0.413654 -0.383103
angle: 14.6352
num:36
bHg
   0.68366   0.722808   0.100784   -307.131
  0.700624  -0.688697   0.186608     6.8061
  0.204292 -0.0569648  -0.977251    417.987
         0          0          0          1
axis:   0.91713  0.389738 0.0835304
angle: 187.631
cHw
 0.983666 -0.036563 -0.176249  -84.0338
0.0219203  0.996197 -0.084322  -89.8269
 0.178662 0.0790812  0.980727   368.969
        0         0         0         1
axis:  0.413603 -0.898343  0.148032
angle: 11.3929
num:37
bHg
    0.621719     0.781946    0.0450121     -311.806
    0.779869    -0.623347     0.056944      52.4958
   0.0725852 -0.000299561    -0.997362      423.804
           0            0            0            1
axis:  0.900451   0.43373 0.0326578
angle: 181.822
cHw
  0.991675  -0.120237 -0.0460834    -65.599
  0.119001   0.992479 -0.0286968   -71.2745
 0.0491872  0.0229739   0.998525    393.132
         0          0          0          1
axis:  0.196734 -0.362739  0.910888
angle: 7.54594
num:38
bHg
  0.797627   0.603041 -0.0115704   -272.848
  0.602906  -0.797702  -0.013226    77.9623
-0.0172056  0.0035735  -0.999846    473.098
         0          0          0          1
axis:    0.948057    0.318011 -0.00758831
angle: 179.492
cHw
  0.991366   0.129876  0.0180401   -98.2325
 -0.130451   0.990818  0.0355405   -55.7312
-0.0132586  -0.037587   0.999205    458.017
         0          0          0          1
axis: -0.268646  0.114981 -0.956352
angle: 7.82246
num:39
bHg
  0.723199   0.685194 -0.0865578   -224.888
  0.641131   -0.71266  -0.284722    252.748
 -0.256776   0.150416  -0.954694    399.529
         0          0          0          1
axis:   0.927168   0.362692 -0.0938868
angle: 166.428
cHw
  0.959264  0.0204176   0.281774     -138.8
-0.0530046    0.99268   0.108517   -80.2615
 -0.277496  -0.119032   0.953324    464.934
         0          0          0          1
axis: -0.374112  0.919494 -0.120713
angle: 17.7051
num:40
bHg
  0.907703   0.397957   0.133059   -365.512
  0.413698   -0.79567  -0.442451    252.748
-0.0702059   0.456661  -0.886866    421.529
         0          0          0          1
axis:  0.975243  0.220476 0.0170732
angle: 152.55
cHw
 0.858829  0.352792  0.371417  -88.1521
-0.276692  0.929662 -0.243247  -14.3927
-0.431108   0.10614  0.896036   472.692
        0         0         0         1
axis:  0.324067  0.744366 -0.583866
angle: 32.6201
num:41
bHg
 0.847718  0.475445 -0.235214  -155.244
 0.325927  -0.81671  -0.47619   292.868
-0.418504  0.327013   -0.8473   426.442
        0         0         0         1
axis: 0.959267 0.218904 -0.17857
angle: 155.25
cHw
  0.81591  0.256771  0.518034    -88.46
-0.356082  0.929052  0.100336  -29.9098
-0.455517 -0.266328  0.849455     566.6
        0         0         0         1
axis: -0.303679  0.806315 -0.507577
angle: 37.1356
num:42
bHg
  0.855194   0.517938 -0.0195644   -277.325
  0.464333  -0.782363  -0.415094    228.976
 -0.230299   0.345902  -0.909568      425.7
         0          0          0          1
axis:   0.961518   0.266264 -0.0677305
angle: 156.689
cHw
  0.886307   0.231367    0.40116   -70.4539
 -0.231237   0.971637  -0.049501   -40.9831
 -0.401235 -0.0488901   0.914669    482.178
         0          0          0          1
axis: 0.000659574    0.866333   -0.499466
angle: 27.5873
num:43
bHg
    0.27541    0.947423    0.162906    -357.856
   0.961319   -0.270738  -0.0506631     128.711
-0.00389465    0.170557    -0.98534     503.757
          0           0           0           1
axis:  0.797462  0.601286 0.0500911
angle: 172.027
cHw
  0.867108  -0.481389   0.128015   -15.2502
  0.493627   0.864864 -0.0913376   -119.895
-0.0667464   0.142391   0.987557    474.873
         0          0          0          1
axis: 0.228836 0.190684 0.954606
angle: 30.7098
num:44
bHg
   0.519467    0.840946   -0.151539    -171.974
   0.809617     -0.5411   -0.227445      193.33
  -0.273267 -0.00453811   -0.961927     489.696
          0           0           0           1
axis:  0.871058  0.475679 -0.122426
angle: 172.649
cHw
  0.95618 -0.233827  0.176195  -38.2658
 0.191067  0.954344  0.229612  -111.247
 -0.22184 -0.185886  0.957201   547.491
        0         0         0         1
axis:  -0.5809 0.556485 0.594036
angle: 20.9549
num:45
bHg
 0.544233  0.767635 -0.338447  -136.456
 0.743926 -0.628067 -0.228269   191.696
-0.387794 -0.127548 -0.912878   410.524
        0         0         0         1
axis:  0.878595  0.430461 -0.206818
angle: 176.714
cHw
 0.972241 -0.161673   0.16914  -70.9616
0.0836788  0.915327  0.393921   -59.001
-0.218505 -0.368832  0.903448   510.617
        0         0         0         1
axis: -0.85694 0.435513 0.275649
angle: 26.4262
num:46
bHg
 0.602347  0.742377 -0.293351  -160.642
 0.656709 -0.669789 -0.346577   249.165
-0.453774 0.0161132 -0.890971   366.356
        0         0         0         1
axis:  0.893915  0.395391 -0.211143
angle: 168.295
cHw
  0.942004  -0.103333   0.319296   -91.3254
-0.0122736   0.940173   0.340475   -59.3338
 -0.335376  -0.324648   0.884379    488.623
         0          0          0          1
axis: -0.709315   0.69817 0.0971094
angle: 27.9596
num:47
bHg
 0.763231  0.569032  0.306072  -404.656
 0.644923 -0.699801 -0.307169   217.508
0.0394002  0.431834 -0.901092   373.149
        0         0         0         1
axis:  0.936273  0.337857 0.0961487
angle: 156.756
cHw
   0.95112   0.130376   0.279952    -113.47
-0.0405859   0.951424  -0.305196   -60.1523
 -0.306143   0.278916    0.91021     385.36
         0          0          0          1
axis:  0.691307  0.693654 -0.202336
angle: 24.9906
num:48
bHg
  0.70755  0.663221  0.243949  -373.043
 0.702184  -0.69865 -0.137205   110.247
0.0794377  0.268376 -0.960033   400.755
        0         0         0         1
axis:   0.92302  0.374394 0.0886725
angle: 167.308
cHw
  0.990227  0.0248711   0.137229   -64.0475
0.00628638    0.97501   -0.22207   -75.8059
 -0.139323   0.220763   0.965325    370.426
         0          0          0          1
axis:    0.84765   0.529362 -0.0355739
angle: 15.142
num:49
bHg
 0.749864  0.476074   0.45941  -481.965
 0.610696 -0.765171 -0.203871    176.41
  0.25447  0.433435 -0.864511    381.17
        0         0         0         1
axis: 0.933305 0.300125 0.197147
angle: 160.036
cHw
  0.97327  0.186761  0.133663  -120.811
 -0.10542  0.880352 -0.462457  -38.2074
-0.204039  0.436005  0.876509   373.754
        0         0         0         1
axis:  0.895491  0.336586 -0.291215
angle: 30.1098
num:50
bHg
  0.696736   0.548173   0.462672   -465.124
  0.625295  -0.780198 -0.0172514    89.1583
  0.351519   0.301326  -0.886362    408.009
         0          0          0          1
axis: 0.920443 0.321147 0.222822
angle: 170.034
cHw
  0.994779   0.098597 -0.0263305   -105.878
 -0.100067   0.891764  -0.441298   -65.0273
  -0.02003   0.441629   0.896974    357.638
         0          0          0          1
axis:   0.975585 -0.0069617  -0.219513
angle: 26.9049
num:51
bHg
 0.689137  0.619826  0.375375  -450.349
 0.637828 -0.764698 0.0917197   43.7829
 0.343899  0.176217 -0.922324   427.051
        0         0         0         1
axis: 0.918959 0.342322  0.19578
angle: 177.365
cHw
  0.993161  0.0409274  -0.109348   -99.3274
-0.0770144   0.933551  -0.350072   -52.7564
 0.0877547   0.356099   0.930318    371.476
         0          0          0          1
axis:  0.950959 -0.265427 -0.158825
angle: 21.7955
num:52
bHg
 0.793422   0.47914  0.375375  -450.349
 0.482608 -0.871021 0.0917197   43.7829
 0.370906  0.108386 -0.922324   456.971
        0         0         0         1
axis: 0.946947 0.253912 0.197026
angle: 179.496
cHw
 0.960458  0.213379 -0.178858  -127.903
-0.262088  0.909695 -0.322124  -35.3968
0.0939714  0.356263  0.929648   399.091
        0         0         0         1
axis:  0.777799 -0.312809 -0.545141
angle: 25.855
num:53
bHg
 0.590756  0.742469  0.315827  -421.561
 0.805969 -0.561312 -0.187997   184.976
0.0376956  0.365607 -0.930006   421.059
        0         0         0         1
axis:  0.88891  0.44659 0.101961
angle: 161.857
cHw
 0.964769  -0.11492  0.236673  -85.9909
 0.176498  0.949812 -0.258276  -87.0499
-0.195114  0.290949  0.936632   410.019
        0         0         0         1
axis: 0.725552 0.570411 0.384976
angle: 22.2401
num:54
bHg
 0.670789  0.710656  0.212156  -366.562
 0.733364 -0.592943 -0.332559   251.009
-0.110539  0.378665 -0.918909   384.198
        0         0         0         1
axis:  0.910266  0.413003 0.0290635
angle: 157.004
cHw
   0.93741 -0.0358525   0.346376    -106.26
 0.0965418   0.982452  -0.159584   -84.8165
 -0.334577   0.183035   0.924422    415.867
         0          0          0          1
axis: 0.442831 0.880124 0.171118
angle: 22.7587
num:55
bHg
  0.704027   0.688472   0.174219   -379.844
  0.705993  -0.705074 -0.0666624    111.653
  0.076942   0.169929  -0.982448    484.957
         0          0          0          1
axis:  0.922714  0.379382 0.0683314
angle: 172.634
cHw
   0.99757 0.00313944  0.0696051   -87.4832
0.00753404   0.988267  -0.152551   -53.5525
-0.0692673   0.152705   0.985841    456.925
         0          0          0          1
axis: 0.910154 0.414063 0.013103
angle: 9.65382
num:56
bHg
 0.691435  0.705053  0.157536   -343.85
 0.702615 -0.707012 0.0804096   45.7561
 0.168073 0.0550892 -0.984234   453.043
        0         0         0         1
axis: 0.919625 0.382693 0.088521
angle: 180.789
cHw
   0.99723  -0.018087 -0.0721515   -86.4759
0.00816127   0.990736  -0.135559   -78.0153
 0.0739349   0.134595   0.988139    406.254
         0          0          0          1
axis:  0.876433 -0.473934 0.0851548
angle: 8.86582
num:57
bHg
 0.535944  0.698599  -0.47405  -41.3641
 0.798475 -0.601819 0.0158364   134.534
-0.274229 -0.387005 -0.880355   430.705
        0         0         0         1
axis:  0.874534  0.433795 -0.216823
angle: 193.316
cHw
  0.988616  -0.122912 -0.0867855   -124.794
  0.149718   0.860917   0.486217   -80.9757
 0.0149531  -0.493675   0.869518    546.422
         0          0          0          1
axis:  -0.958623 -0.0995303   0.266713
angle: 30.7367
num:58
bHg
 0.672158  0.693175 -0.260216  -129.848
 0.724624 -0.688045 0.0389154   90.9499
-0.152065 -0.214716 -0.964766   479.456
        0         0         0         1
axis:  0.913938  0.389712 -0.113324
angle: 187.976
cHw
  0.998641 -0.0237911 -0.0463657   -111.505
 0.0359803   0.958388   0.283191   -88.5167
 0.0376989  -0.284474   0.957942    520.192
         0          0          0          1
axis: -0.983889 -0.145703  0.103597
angle: 16.767
num:59
bHg
  0.639436   0.577806  -0.507209   -10.4384
  0.636276  -0.768022 -0.0727705    140.771
 -0.431595  -0.276193  -0.858745    324.812
         0          0          0          1
axis:  0.905067  0.336423 -0.260143
angle: 186.453
cHw
  0.994666  0.0397643  0.0951754   -129.638
-0.0845087   0.843213   0.530895   -99.7193
-0.0591424  -0.536107   0.842076     492.03
         0          0          0          1
axis: -0.983192  0.142197 -0.114512
angle: 32.8622
num:60
bHg
 0.798111  0.555984 -0.232166  -152.993
 0.472899 -0.816818 -0.330417   225.022
-0.373344  0.153918 -0.914835   427.061
        0         0         0         1
axis:  0.947286  0.276122 -0.162501
angle: 165.188
cHw
 0.916833  0.165386  0.363408  -99.9955
  -0.2466  0.950385  0.189622  -52.1408
-0.314017 -0.263468  0.912128   525.632
        0         0         0         1
axis: -0.496158  0.741818 -0.451147
angle: 27.1678
num:61
bHg
 0.546986  0.804836 -0.230315   -156.19
 0.668899 -0.585619 -0.457848   282.842
-0.503369 0.0963791  -0.85868   427.558
        0         0         0         1
axis:  0.876085  0.431626 -0.214881
angle: 161.56
cHw
 0.893417 -0.187616  0.408175  -25.2652
0.0527621  0.946148  0.319406  -73.2738
 -0.44612 -0.263827  0.855203   561.603
        0         0         0         1
axis: -0.549204   0.80445  0.226353
angle: 32.0717
num:62
bHg
  0.782288   0.618109 -0.0772507   -241.985
  0.530203  -0.725808  -0.438278    365.143
 -0.326972   0.301901  -0.895514    385.469
         0          0          0          1
axis:  0.941584  0.317672 -0.111825
angle: 156.856
cHw
 0.891104   0.10918  0.440469  -181.136
-0.145772  0.988054 0.0499981  -43.7124
-0.429748 -0.108762  0.896375   518.249
        0         0         0         1
axis: -0.172455  0.945284 -0.276945
angle: 27.4061
num:63
bHg
    0.27541    0.947423    0.162906    -357.856
   0.961319   -0.270738  -0.0506631     77.6713
-0.00389455    0.170558    -0.98534     536.669
          0           0           0           1
axis:  0.797462  0.601286 0.0500912
angle: 172.027
cHw
  0.867105  -0.481812   0.126435    32.3531
  0.493553   0.865322 -0.0873152    -96.709
-0.0673371   0.138114   0.988125     505.21
         0          0          0          1
axis: 0.221083 0.190036 0.956561
angle: 30.6525
num:64
bHg
 0.415948  0.908852 0.0312323  -271.763
 0.897038 -0.404416 -0.178244   155.364
-0.149366  0.102157 -0.983491   521.223
        0         0         0         1
axis:   0.840186   0.541142 -0.0353993
angle: 170.394
cHw
   0.919232   -0.355946     0.16827     1.63023
   0.349782    0.934505   0.0659781    -113.109
  -0.180734 -0.00179141     0.98353     525.673
          0           0           0           1
axis: -0.0857603   0.441654   0.893077
angle: 23.2728
num:65
bHg
  0.525726   0.815421  -0.242282   -172.061
  0.781443  -0.575481  -0.241181    190.562
 -0.336092 -0.0625346  -0.939751    444.089
         0          0          0          1
axis:  0.873063  0.458462 -0.166052
angle: 174.128
cHw
 0.961097 -0.209597  0.179896  -50.5409
 0.146241  0.938651  0.312328  -69.5779
-0.234323 -0.273869  0.932785   518.851
        0         0         0         1
axis: -0.731704  0.517037  0.444164
angle: 23.6138
num:66
bHg
  0.568556   0.779979   -0.26149   -170.825
  0.719361  -0.625589  -0.301924    223.048
  -0.39908 -0.0164449  -0.916769    402.454
         0          0          0          1
axis:  0.884791  0.426435 -0.187876
angle: 170.716
cHw
 0.954072 -0.153685  0.257151  -71.1909
0.0644656  0.943597   0.32476  -64.4507
-0.292558 -0.293267  0.910167   499.376
        0         0         0         1
axis: -0.722491  0.642626  0.255025
angle: 25.322
num:67
bHg
  0.698452   0.715507 -0.0146453   -270.619
  0.667131  -0.658363   -0.34856    237.787
 -0.259039   0.233682  -0.937172    405.029
         0          0          0          1
axis:  0.919372  0.385902 -0.076387
angle: 161.539
cHw
  0.939403  -0.018684   0.342305   -86.0131
0.00146376   0.998723  0.0504962   -73.5639
 -0.342811 -0.0469353   0.938231    460.145
         0          0          0          1
axis: -0.140735  0.989619 0.0291026
angle: 20.2521
num:68
bHg
  0.716755   0.668954   0.196882   -352.455
  0.697321  -0.686575  -0.205813    147.066
-0.0025051   0.284807  -0.958581    401.801
         0          0          0          1
axis:  0.925093  0.375956 0.0534865
angle: 164.623
cHw
  0.978485  0.0272732   0.204506   -71.6456
0.00883395   0.984777  -0.173598   -79.0288
 -0.206128    0.17167   0.963349     387.78
         0          0          0          1
axis:   0.643178   0.764945 -0.0343493
angle: 15.5695
num:69
bHg
 0.749864  0.476075  0.459409  -504.493
 0.610696 -0.765171  -0.20387    176.41
 0.254469  0.433434 -0.864511    381.17
        0         0         0         1
axis: 0.933305 0.300126 0.197147
angle: 160.036
cHw
 0.973516  0.186011  0.132915  -117.327
-0.105003  0.880232  -0.46278  -18.3382
-0.203078  0.436567  0.876452    383.32
        0         0         0         1
axis:   0.89648  0.334922 -0.290087
angle: 30.1058

gHc
    0.68615    0.727201  -0.0194252    -76.4437
  -0.727449    0.685742  -0.0240067    -29.2622
-0.00413701    0.030603    0.999523     19.5914
          0           0           0           1
axis:   0.037513 -0.0105019  -0.999241
angle: 46.7087
